type int
default 0

R 712 730 1
R 769 800 1
R 1744 1771 2
R 34614 34673 2
R 34808 34866 2
R 41140 41165 2
R 45421 45490 3
R 45858 45862 3
R 48739 48812 4
R 48882 48993 4
R 49096 49278 0
R 49347 49478 0
R 54686 54748 3
R 60631 60707 4
R 75716 75900 3
R 100272 100336 2
R 121457 121576 4
R 124087 124126 2
R 149341 149357 5
R 162040 162048 4
R 163013 163054 4
R 163090 163098 4
R 163155 163168 4
R 163174 163260 4
R 163827 163844 4
R 163857 163866 4
R 163869 163875 4
R 163920 164015 4
R 164051 164058 4
R 164072 164080 4
R 164101 164103 4
R 164433 164440 4
R 164511 164522 4
R 164532 164548 4
R 169489 169614 3
